00
00
00
00
00
00
00
00
00
00
00
00
00
00
00
00
00
00
00
00
00
00
00
00
00
00
00
00
00
00
00
00
00
00
00
00
00
00
00
00
00
00
00
00
00
00
00
00
00
00
04
00
00
00
00
00
00
00
00
00
00
00
00
00
00
00
00
00
00
00
00
00
00
00
F0
70
00
00
00
C0
00
00
1C
00
00
00
00
03
00
00
00
00
00
00
00
00
00
00
00
00
00
00
00
00
00
00
70
70
00
FC
F7
FF
01
00
0C
00
80
FF
FF
07
00
00
00
00
00
00
00
00
00
00
00
00
00
00
00
00
00
00
70
70
18
FC
87
E0
01
00
0C
00
00
01
C0
07
00
00
00
00
00
00
00
00
C0
00
00
00
00
00
00
00
00
E0
FF
FF
3F
18
87
E1
00
00
0C
00
00
00
E0
01
60
00
00
00
00
00
00
00
C0
01
3F
00
FF
E3
C3
E7
E7
E3
FF
FF
7F
38
03
73
00
04
0C
08
00
00
70
00
E0
80
1F
80
FF
F1
E1
03
E0
01
1E
00
78
C0
03
C3
C1
01
70
70
00
38
03
3F
00
FC
FF
1F
00
00
18
00
F0
00
0F
00
3C
E0
81
01
E0
01
0C
00
30
80
07
81
C3
00
70
70
00
18
03
1E
00
0C
0C
1C
00
80
0D
00
F0
00
06
00
18
C0
83
00
E0
01
0C
00
30
80
07
81
C3
00
70
70
00
18
03
1E
00
0C
0C
1C
00
80
07
00
F0
00
06
00
18
C0
83
00
B0
03
0C
00
30
80
0E
01
67
00
B0
11
00
18
83
FF
00
0C
0C
1C
00
80
07
00
D8
01
06
00
18
40
87
00
B0
03
0C
00
30
80
0E
01
67
00
00
03
00
98
C3
F1
0F
0C
0C
1C
00
80
03
0C
D8
01
06
00
18
40
87
00
B0
03
0C
00
30
80
1C
01
3F
00
08
07
00
98
7B
DC
07
FC
FF
1F
00
80
03
1E
D8
01
06
00
18
40
8E
00
10
03
0C
00
30
80
1C
01
3E
00
38
0E
00
98
1F
0C
02
FC
FF
1F
F8
FF
FF
3F
88
01
06
00
18
40
8E
00
18
07
0C
00
30
80
3C
01
1E
00
39
0E
02
FC
0F
8C
00
0C
0C
1C
00
80
03
00
8C
03
06
00
18
40
9E
00
18
07
0C
00
30
80
38
01
1C
00
19
0C
06
FC
EF
FF
01
0C
0C
1C
00
80
03
00
8C
03
06
00
18
40
9C
00
18
07
0C
00
30
80
38
01
1C
80
19
04
0C
08
EE
FF
03
0C
0C
1C
00
80
03
00
8C
03
06
00
18
40
9C
00
F8
07
0C
00
30
80
70
01
3C
80
19
00
1C
00
06
0C
00
0C
0C
1C
00
80
03
00
FC
03
06
00
18
40
B8
00
0C
0E
0C
00
30
80
70
01
3E
C0
19
80
39
C0
07
0C
00
FC
FF
1F
00
80
03
00
06
07
06
00
18
40
B8
00
0C
0E
0C
00
30
80
E0
01
72
C0
19
80
39
78
06
0C
07
FC
FF
1F
00
80
03
00
06
07
06
00
18
40
F0
00
0C
0E
0C
10
30
80
E0
01
73
E0
19
80
31
1E
FE
FF
0F
0C
0C
4C
00
80
03
00
06
07
06
08
18
40
F0
00
04
0C
0C
18
30
80
C0
01
E1
E0
18
80
11
0E
36
0C
00
04
0C
40
00
80
03
00
02
06
06
0C
18
40
E0
00
06
1C
0C
18
30
80
C0
81
E1
00
38
80
01
00
06
0C
00
00
0C
40
00
80
03
00
03
0E
06
0C
18
40
E0
00
06
1C
1E
1E
78
80
81
C1
C1
01
F8
FF
03
00
07
0C
00
00
0C
40
00
80
03
00
03
0E
0F
0F
3C
C0
C0
00
1F
3F
FF
0F
FF
E3
83
E1
F3
03
F0
FF
03
F8
03
0C
00
00
0C
C0
00
FC
03
80
8F
9F
FF
87
FF
F1
C1
00
00
00
00
00
00
00
00
00
00
00
00
00
00
E0
03
0C
00
00
FC
FF
00
F8
03
00
00
00
00
00
00
00
00
00
00
00
00
00
00
00
00
00
00
00
00
00
00
80
01
0C
00
00
FC
FF
00
E0
01
00
00
00
00
00
00
00
00
00
00
00
00
00
00
00
00
00
00
00
00
00
00
00
00
04
00
00
00
00
00
C0
00
00
00
00
00
00
00
00
00
00
00
00
00
00
00
00
00
00
00
00
00
00
00
00
00
00
00
00
00
00
00
00
00
00
00
00
00
00
00
00
00
00
