00
00
00
00
00
00
00
00
00
00
00
00
00
00
00
00
00
00
00
00
00
00
00
00
00
00
00
00
00
00
00
00
80
C1
00
00
00
00
00
00
03
00
00
00
00
00
00
00
00
00
00
00
00
00
00
80
C3
01
00
E6
FF
00
00
07
00
F8
FF
3F
00
00
00
00
00
00
00
00
00
00
80
C1
20
F8
EF
FF
01
00
03
00
F0
FF
7F
00
C0
00
00
00
00
00
00
00
00
80
C1
70
10
86
61
00
00
03
00
00
00
1E
00
E0
00
0F
80
7F
78
70
3E
1F
FF
FF
FF
70
86
31
00
01
03
02
00
00
07
00
E0
00
06
00
0C
70
20
1C
0C
80
C1
00
70
07
3B
00
FF
FF
07
00
80
03
00
F0
01
06
00
0C
F0
20
1C
06
80
C1
00
30
03
1E
00
FF
FF
07
00
D8
00
00
F0
01
06
00
0C
F0
20
38
06
80
C1
00
30
03
1E
00
03
03
03
00
78
00
00
F0
01
06
00
0C
D0
21
38
03
80
46
00
30
83
7F
00
03
03
03
00
78
00
00
B0
01
06
00
0C
D0
21
70
03
00
0C
00
30
E3
F1
07
03
03
03
00
38
40
00
98
03
06
00
0C
90
23
F0
01
60
1C
00
30
7B
CE
03
FF
FF
03
00
38
E0
00
98
03
06
00
0C
90
23
E0
01
E0
38
00
38
0F
0E
01
FF
FF
03
FF
FF
FF
01
98
03
06
00
0C
10
27
E0
00
EC
38
0C
F8
0F
CE
00
03
03
03
00
38
00
00
18
03
06
00
0C
10
27
C0
01
EC
30
18
F8
EF
FF
01
03
03
03
00
38
00
00
0C
07
06
00
0C
10
2E
E0
01
EC
00
38
00
EC
0E
00
03
03
03
00
38
00
00
FC
07
06
00
0C
10
2E
E0
03
EE
00
72
00
0F
0E
00
03
03
03
00
38
00
00
0C
07
06
00
0C
10
3C
B0
03
EE
00
72
E0
0F
0E
01
FF
FF
03
00
38
00
00
0C
07
06
00
0C
10
3C
B0
03
EF
00
62
7C
F6
FF
03
03
03
0B
00
38
00
00
06
06
06
04
0C
10
38
18
07
E7
00
62
1C
F6
FF
07
03
03
08
00
38
00
00
06
0E
06
06
0C
10
38
18
07
E0
00
06
00
06
0E
00
00
03
08
00
38
00
00
06
0E
06
07
0C
10
30
0C
0E
C0
01
0F
00
06
0E
00
00
03
18
00
38
00
00
0F
1F
FF
87
7F
38
30
3E
1F
C0
FF
07
F0
07
0E
00
00
03
18
80
3F
00
00
00
00
00
00
00
00
00
00
00
00
00
00
C0
03
0E
00
00
FF
1F
80
3F
00
00
00
00
00
00
00
00
00
00
00
00
00
00
80
01
0E
00
00
FF
1F
00
1C
00
00
00
00
00
00
00
00
00
00
00
00
00
00
00
00
06
00
00
00
00
00
0C
00
00
00
00
00
00
00
00
00
00
00
00
00
00
00
00
00
00
00
00
00
00
00
00
00
