00
00
00
00
00
10
04
00
00
80
00
00
00
00
00
00
00
00
10
04
00
00
80
00
00
00
00
00
00
00
00
00
10
04
DF
3F
80
00
FE
1F
00
00
00
00
00
10
04
DF
3F
80
00
FE
1F
00
00
00
00
00
00
FF
7F
90
20
80
00
00
08
00
00
00
00
00
FF
7F
90
20
80
00
00
08
00
08
07
3E
E3
E7
10
04
12
11
FC
1F
00
04
08
07
3E
E3
E7
10
04
12
11
FC
1F
00
04
00
08
02
08
46
42
10
04
12
0A
84
10
00
02
08
02
08
46
42
10
04
12
0A
84
10
00
02
00
18
02
08
46
24
40
00
12
04
84
10
80
01
18
02
08
46
24
40
00
12
04
84
10
80
01
00
14
02
08
4A
24
80
00
12
1B
84
10
80
00
14
02
08
4A
24
80
00
12
1B
84
10
80
00
00
14
02
08
4A
18
00
01
FE
64
FC
1F
FF
7F
14
02
08
4A
18
00
01
FE
64
FC
1F
FF
7F
00
24
02
08
52
18
20
10
20
04
84
10
80
00
24
02
08
52
18
20
10
20
04
84
10
80
00
00
3C
02
08
52
18
24
20
A0
3F
84
10
80
00
3C
02
08
52
18
24
20
A0
3F
84
10
80
00
00
22
02
08
52
24
24
40
38
04
84
10
80
00
22
02
08
52
24
24
40
38
04
84
10
80
00
00
42
02
08
62
24
22
40
27
04
FC
1F
80
00
42
02
08
62
24
22
40
27
04
FC
1F
80
00
00
42
42
08
62
42
21
08
E2
7F
84
50
80
00
42
42
08
62
42
21
08
E2
7F
84
50
80
00
00
E7
7F
3E
47
E7
20
08
20
04
80
40
80
00
E7
7F
3E
47
E7
20
08
20
04
80
40
80
00
00
00
00
00
00
00
C0
0F
14
04
80
40
A0
00
00
00
00
00
00
C0
0F
14
04
80
40
A0
00
00
00
00
00
00
00
00
00
08
04
00
7F
40
00
00
00
00
00
00
00
00
08
04
00
7F
40
00
00
